fault segment_0 yes no yes
*Tag stiffS stiffN T S_0 cohes friction-s friction-d L
*Crack 10000000000.000000 10000000000.000000 10.000000 1.000000 0.000000 0.600000 0.000000 0.000010
1 0.138800 0.000000 0.144400 0.000000 0 1.00E+10 0 0 0 1 1 0
1 0.144400 0.000000 0.150000 0.000000 0 1.00E+10 0 0 0 1 1 0
1 0.150000 0.000000 0.155600 0.000000 0 1.00E+10 0 0 0 1 1 0
1 0.155600 0.000000 0.161200 0.000000 0 1.00E+10 0 0 0 1 1 0
1 0.161200 0.000000 0.166800 0.000000 0 1.00E+10 0 0 0 1 1 0
1 0.166800 0.000000 0.172400 0.000000 0 1.00E+10 0 0 0 1 1 0
1 0.172400 0.000000 0.178000 0.000000 0 1.00E+10 0 0 0 1 1 0
1 0.178000 0.000000 0.183600 0.000000 0 1.00E+10 0 0 0 1 1 0
1 0.183600 0.000000 0.189200 0.000000 0 1.00E+10 0 0 0 1 1 0
1 0.189200 0.000000 0.194800 0.000000 0 1.00E+10 0 0 0 1 1 0
1 0.194800 0.000000 0.200400 0.000000 0 1.00E+10 0 0 0 1 1 0
1 0.200400 0.000000 0.206000 0.000000 0 1.00E+10 0 0 0 1 1 0
1 0.206000 0.000000 0.211600 0.000000 0 1.00E+10 0 0 0 1 1 0
1 0.211600 0.000000 0.217200 0.000000 0 1.00E+10 0 0 0 1 1 0
1 0.217200 0.000000 0.222800 0.000000 0 1.00E+10 0 0 0 1 1 0
1 0.222800 0.000000 0.228400 0.000000 0 1.00E+10 0 0 0 1 1 0
1 0.228400 0.000000 0.234000 0.000000 0 1.00E+10 0 0 0 1 1 0
1 0.234000 0.000000 0.239600 0.000000 0 1.00E+10 0 0 0 1 1 0
1 0.239600 0.000000 0.245200 0.000000 0 1.00E+10 0 0 0 1 1 0
1 0.245200 0.000000 0.250800 0.000000 0 1.00E+10 0 0 0 1 1 0
1 0.250800 0.000000 0.256400 0.000000 0 1.00E+10 0 0 0 1 1 0

fault segment_1 yes no no
1 0.256400 0.000000 0.262000 0.002857 0 1.00E+10 0 0 0 1 1 0
1 0.262000 0.002857 0.267600 0.005714 0 1.00E+10 0 0 0 1 1 0
1 0.267600 0.005714 0.273200 0.008571 0 1.00E+10 0 0 0 1 1 0
1 0.273200 0.008571 0.278800 0.008571 0 1.00E+10 0 0 0 1 1 0
1 0.278800 0.008571 0.284400 0.005714 0 1.00E+10 0 0 0 1 1 0
1 0.284400 0.005714 0.290000 0.002857 0 1.00E+10 0 0 0 1 1 0
1 0.290000 0.002857 0.295600 0.000000 0 1.00E+10 0 0 0 1 1 0
1 0.295600 0.000000 0.301200 0.000000 0 1.00E+10 0 0 0 1 1 0
1 0.301200 0.000000 0.306800 0.000000 0 1.00E+10 0 0 0 1 1 0
1 0.306800 0.000000 0.312400 0.000000 0 1.00E+10 0 0 0 1 1 0
1 0.312400 0.000000 0.318000 0.000000 0 1.00E+10 0 0 0 1 1 0
1 0.318000 0.000000 0.323600 0.000000 0 1.00E+10 0 0 0 1 1 0
1 0.323600 0.000000 0.329200 0.000000 0 1.00E+10 0 0 0 1 1 0
1 0.329200 0.000000 0.334800 0.000000 0 1.00E+10 0 0 0 1 1 0
1 0.334800 0.000000 0.340400 0.000000 0 1.00E+10 0 0 0 1 1 0
1 0.340400 0.000000 0.346000 0.000000 0 1.00E+10 0 0 0 1 1 0
1 0.346000 0.000000 0.351600 0.000000 0 1.00E+10 0 0 0 1 1 0
1 0.351600 0.000000 0.357200 0.000000 0 1.00E+10 0 0 0 1 1 0
1 0.357200 0.000000 0.362800 0.000000 0 1.00E+10 0 0 0 1 1 0
1 0.362800 0.000000 0.368400 0.000000 0 1.00E+10 0 0 0 1 1 0
1 0.368400 0.000000 0.374000 0.000000 0 1.00E+10 0 0 0 1 1 0
1 0.374000 0.000000 0.379600 0.000000 0 1.00E+10 0 0 0 1 1 0
1 0.379600 0.000000 0.385200 0.000000 0 1.00E+10 0 0 0 1 1 0
1 0.385200 0.000000 0.390800 0.000000 0 1.00E+10 0 0 0 1 1 0
1 0.390800 0.000000 0.396400 0.000000 0 1.00E+10 0 0 0 1 1 0
1 0.396400 0.000000 0.402000 0.000000 0 1.00E+10 0 0 0 1 1 0
1 0.402000 0.000000 0.407600 0.000000 0 1.00E+10 0 0 0 1 1 0
1 0.407600 0.000000 0.413200 0.000000 0 1.00E+10 0 0 0 1 1 0

